975
1080
1126
976
1332
1434
1025
1283
1239
986
1273
1274
1358
1013
1295
1020
1242
1137
1087
1362
1109
1040
1124
1200
1090
1440
1225
1417
1222
1469
1098
1204
1380
1048
1354
971
1063
1181
1150
1444
977
1035
1355
1214
1207
1243
1315
1196
1322
1094
1191
1077
1008
1228
998
1092
1363
1154
1132
1237
1254
1110
1324
1309
1392
1266
1282
1140
1431
1301
1286
1174
1069
1420
1203
1268
1095
1390
1378
1050
1275
1060
1173
1388
1452
1278
1075
1051
1215
1340
1128
1426
1383
1329
1012
1432
1342
1106
1190
1287
1364
1156
1249
1169
1046
1133
1429
1346
1082
1160
1179
1127
981
1349
1170
1314
1113
1320
991
1135
1385
1044
1202
1210
1100
1433
1151
1445
1367
1188
1111
1007
1347
992
1125
1083
1465
1333
1043
1149
1260
1145
1277
1307
1107
1430
1279
1462
1146
1351
978
1299
1070
1226
1245
1176
1224
1148
1028
1129
1064
1114
1120
1057
1038
1311
1219
1252
1045
1227
1410
1467
1056
1018
1303
1422
1372
1256
1454
1418
994
1108
1463
1405
1131
1097
997
1317
983
1049
1216
1232
1066
1298
995
1449
1101
1142
1053
1026
1088
1081
1235
1425
1099
1037
1185
1068
1155
1413
972
1198
1166
1369
1281
1236
1234
1357
1338
1435
1089
1446
1015
1450
974
970
1030
1262
1258
1276
1468
1208
1395
1289
1248
1427
1221
1059
1442
1403
1079
1409
1330
1180
1415
1428
1361
1161
1366
1041
1335
1072
1376
1229
1471
1197
1217
1153
1230
1119
1296
1424
1345
1076
1036
1130
990
1448
1263
1010
1288
1470
1019
1158
1071
1453
1061
993
996
1139
1014
1313
1334
1054
1102
1321
1209
1391
1459
1318
1157
1339
1233
1218
1457
1458
517
1387
582
1186
1189
1074
1162
1382
987
1259
1472
1331
1305
1308
1447
1246
1389
1165
1419
1144
1163
1284
1004
1067
1399
1438
1406
1231
1034
1194
1344
1381
1002
1011
1456
1033
1272
1343
1121
1062
1178
1024
1353
1103
1319
1195
1086
1396
1172
1250
1294
1348
1439
1096
1451
1402
1443
1267
979
1175
1455
1384
1310
1285
1240
1168
1325
1271
1223
1052
1206
1270
1032
1118
1141
1466
1134
1006
1412
1370
1211
1016
985
1264
1205
1411
1253
1244
1373
1123
1192
984
1365
1193
1359
1116
1251
1073
980
1297
1269
1436
1105
1029
1400
1360
1031
1093
999
1461
1255
1199
1117
1039
1265
1147
1377
1122
1241
1027
1143
1423
1356
973
1220
1115
1112
1397
1368
1336
1183
1182
1003
1404
988
1375
1407
1280
1408
1078
1292
1017
1327
1341
989
1009
1136
1441
1414
1152
1212
1398
1302
1437
1184
1337
1374
1352
1104
1065
1164
1085
1084
1047
1304
1042
1022
1290
1350
1091
1201
1291
1138
1171
1293
1464
1247
1316
1326
982
1159
1238
1328
1401
1386
1187
1421
1058
1306
1167
1416
1393
1177
1257
1371
1300
1213
1460
1323
1005
1000
1473
1001
1021
1312
1261
1394
1379
1055
1023
799
975