1
417
27
424
100
192
38
247
211
266
92
344
94
370
141
181
40
60
415
276
373
375
240
123
143
135
155
295
127
179
267
136
378
395
345
80
428
148
87
169
454
91
174
8
39
248
439
28
372
274
447
462
443
114
464
319
65
413
258
445
312
329
385
102
239
228
430
290
466
81
286
125
104
468
132
195
409
99
187
399
217
437
288
391
118
111
246
351
303
150
109
238
46
260
149
138
450
21
237
101
291
190
171
249
30
318
263
166
191
302
265
256
287
269
331
294
389
282
212
352
257
431
108
207
356
202
252
120
19
86
410
296
12
121
162
61
250
133
324
452
221
423
103
37
95
147
161
223
203
330
335
376
45
289
16
227
2
455
363
47
137
164
106
404
465
241
311
213
76
278
105
337
69
353
73
307
180
156
292
186
381
34
332
29
338
35
339
306
341
199
383
469
470
232
412
460
84
472
425
168
26
52
411
441
320
234
284
309
285
42
6
357
384
436
333
177
369
165
58
41
366
159
112
43
362
244
245
453
308
419
377
434
386
124
459
346
173
145
182
325
407
461
96
421
374
322
300
160
403
23
281
205
458
57
326
198
48
134
390
438
408
360
129
279
268
446
271
20
36
31
342
154
90
220
313
97
184
388
15
110
63
18
5
7
317
349
88
321
176
365
64
128
429
367
79
189
33
219
426
13
188
427
185
397
235
398
358
406
72
9
24
54
340
83
55
71
371
78
210
297
153
225
463
442
392
251
172
354
119
222
218
314
283
4
272
82
85
334
194
448
433
382
298
327
231
22
315
201
275
49
193
158
117
59
214
66
259
359
10
183
122
418
115
471
400
350
328
17
204
254
253
196
364
3
379
293
139
163
457
44
393
277
440
116
280
444
170
420
414
242
14
157
405
229
368
167
299
113
304
264
25
380
200
273
355
422
62
230
301
11
305
432
144
394
226
75
175
215
56
209
396
343
53
89
68
32
347
224
130
216
348
74
93
142
140
206
152
243
77
70
449
316
310
451
401
126
146
255
435
387
50
51
402
467
262
131
261
416
233
107
67
336
208
270
178
361
456
1312
1021
1096
1451
1402
1443
1019
1470
1288
1010
1263
1448
990
1130
1036
1033
1272
1343
1121
1062
1178
1419
1144
1163
1284
1004
1067
1399
1438
1406
1231
1034
1194
1344
1409
1079
1330
1180
1415
1428
1361
1248
1427
1053
1142
1026
1088
1081
1235
1425
1099
1037
1185
1363
1154
1132
1237
1254
1110
1324
1309
1392
1266
1282
1140
1431
1301
1286
1174
1069
1420
1203
1268
1095
1390
1378
1050
1275
1060
1173
1388
1452
1278
1075
1051
1215
1340
1128
1426
1383
1329
1012
1432
1342
1106
1190
1287
1364
1156
1249
1169
1046
1133
1429
1346
1082
1160
1179
1239
986
1273
1274
1358
1013
1295
1020
1242
1137
1087
1362
1109
1040
1124
1200
1090
1440
1225
1417
1222
1469
1098
1204
1380
1048
1354
971
1063
1181
1150
1444
977
1035
1355
1214
1207
1243
1315
1196
1322
1094
1191
1077
1008
1228
998
1092
1385
1135
991
1320
1113
1314
1445
1367
1188
1111
1007
1347
992
1125
1083
1465
1333
1043
1149
1044
1202
1210
1100
1433
1151
1170
1349
981
1127
1277
1145
1107
1430
1279
1307
1260
1120
1114
1064
1129
1028
1167
1416
1148
1224
1176
1245
1226
1070
1299
978
1351
1146
1462
1042
1304
1047
1084
1164
1065
1104
1352
1374
1085
1283
1025
1434
1332
976
1126
1080
975
1337
1184
1302
1437
1398
1152
1414
1212
1291
1201
1138
1171
1293
1464
1247
1316
1136
1009
989
1341
1017
1327
1408
1280
1407
1375
1240
1285
1310
1404
988
979
1175
1455
1384
1334
1313
1014
1139
996
1158
1071
1453
1061
993
1162
1382
1074
1054
1102
1321
1209
1391
1459
1318
1157
1339
1233
1218
1457
1458
517
1387
872
789
560
554
851
600
942
645
950
692
899
648
800
918
968
779
904
773
910
590
735
502
762
586
699
939
664
816
923
797
546
841
603
495
794
959
567
536
888
592
542
665
901
739
473
768
831
719
555
614
726
772
638
738
966
593
679
602
543
563
561
596
838
958
566
885
617
512
727
654
694
639
653
863
559
511
840
718
933
791
869
548
647
916
551
529
657
629
868
961
523
494
682
690
506
907
513
810
704
609
724
723
947
809
767
510
522
507
503
610
706
909
707
811
862
695
625
852
833
763
829
802
484
752
481
531
962
941
620
569
817
937
477
761
509
501
703
533
830
619
527
500
474
712
953
867
890
633
656
783
528
714
755
782
741
965
857
967
785
731
492
780
515
644
662
771
733
787
945
624
729
568
621
865
952
749
825
788
636
744
549
615
931
534
599
508
775
759
960
715
756
584
896
588
580
583
649
758
736
478
853
821
716
734
747
898
777
607
900
924
881
612
578
753
866
676
732
908
827
591
631
667
688
652
540
839
936
778
518
745
774
640
796
891
572
876
793
887
834
485
946
928
883
921
822
635
521
575
539
564
835
948
819
765
847
812
701
697
595
541
854
530
818
532
743
668
618
557
514
860
677
728
660
717
650
919
757
663
914
903
807
651
489
897
855
858
720
760
806
545
637
926
920
786
912
913
859
740
658
589
874
792
608
820
906
488
579
856
879
573
683
844
951
915
616
709
605
571
641
581
845
843
552
685
929
526
524
721
870
803
587
902
622
613
911
766
877
585
776
949
871
525
684
784
781
884
565
790
848
801
938
483
678
606
691
642
689
626
627
673
894
480
969
496
954
849
893
497
846
628
686
905
604
705
493
769
826
674
550
746
805
813
520
842
713
570
544
574
670
681
702
516
475
873
655
882
764
659
698
519
836
666
795
956
632
708
643
594
925
499
553
535
577
597
932
935
828
754
710
491
547
963
750
661
556
601
537
742
927
943
630
646
832
680
944
722
562
892
611
687
880
504
634
725
815
675
476
895
669
964
598
582
823
1186
1189
1259
987
1472
1331
1305
1308
1447
1246
1389
1165
1241
1027
1143
1423
1356
973
1220
1115
1112
1397
1461
999
1093
1031
1400
1360
1029
1436
1105
980
1073
1251
1116
1297
1253
1411
1205
1264
985
1269
1016
1211
1370
1412
1006
1134
1183
1336
1182
1003
1271
1325
1168
1223
1052
1206
1270
1032
1118
1141
1466
1368
1394
1199
1255
1117
1039
1265
1147
1377
1122
1261
1024
1381
1002
1011
1456
1376
1229
1471
1197
1217
1153
1230
1119
1296
1424
1345
1076
1348
1294
1250
1103
1353
1319
1041
1335
1072
1366
1161
1195
1086
1396
1172
1323
1005
1000
1473
1001
1435
1338
1357
1258
1262
1089
1446
1015
1450
974
970
1030
1049
983
1317
997
1097
1405
1463
1108
994
1418
1454
1256
1372
1068
1131
1216
1232
1066
1298
995
1449
1101
1395
1468
1276
1208
1289
1213
1460
1442
1403
1221
1059
1379
1359
1193
1365
984
1192
1123
1373
1244
1023
1055
1091
1350
1290
1159
1238
1328
1401
1022
982
1326
799
1386
1187
1421
1058
1306
1227
1252
1219
1311
1038
1045
1056
1018
1303
1422
1155
1413
972
1198
1166
1369
1281
1236
1234
1371
1257
1467
1410
1393
1177
1057
1300
1439
1267
1078
1292
1441
886
837
930
917
538
751
814
808
955
889
693
672
940
804
498
576
700
878
798
487
486
957
748
934
730
770
623
861
671
850
558
696
824
482
505
737
864
490
479
711
875
922
323
98
151
197
236
1