13
426
219
33
189
79
367
429
128
64
365
176
5
7
317
349
88
321
408
360
129
279
268
446
271
20
36
31
342
154
90
220
313
97
184
415
276
373
375
240
123
143
135
155
295
127
179
267
136
378
395
345
80
428
148
87
169
454
60
181
40
141
370
388
15
110
63
18
449
70
316
218
222
82
272
4
283
314
433
382
298
327
231
22
315
201
275
49
193
158
117
59
214
194
448
85
334
183
10
359
115
418
122
354
172
251
392
442
463
153
297
225
188
427
185
397
235
398
358
406
72
9
403
23
281
205
458
57
160
300
322
374
421
96
24
54
340
83
55
71
371
78
210
364
17
204
254
253
196
350
328
400
471
3
259
66
113
299
167
368
229
405
157
14
242
422
28
372
274
8
174
91
39
248
439
420
414
200
273
355
462
443
447
464
114
230
62
77
170
444
116
280
380
304
264
25
457
44
393
277
440
163
379
293
139
236
197
323
98
151
119
401
451
310
134
48
390
438
126
146
255
387
198
326
361
13