27
417
1
331
287
256
269
166
191
302
265
120
19
86
410
296
12
121
162
61
250
133
324
452
221
423
103
37
95
147
161
223
203
330
335
376
45
289
16
227
2
455
363
47
137
164
106
404
465
241
311
213
76
278
105
337
69
353
73
307
180
156
292
186
381
34
332
29
338
35
339
306
341
199
383
469
470
232
412
460
84
472
425
168
26
52
411
441
320
234
284
309
285
42
6
357
384
436
333
177
369
165
58
41
366
159
112
43
362
244
245
391
288
437
399
217
187
409
99
195
132
468
104
125
466
430
290
228
239
102
130
224
347
32
68
118
111
246
351
303
150
109
238
46
260
149
138
450
21
237
101
291
190
171
249
30
318
263
100
192
38
247
211
266
92
344
94
11
305
432
144
394
226
75
175
215
56
209
396
343
53
89
453
308
419
377
434
386
252
202
282
212
389
294
262
467
51
402
352
257
431
108
207
356
459
346
173
145
182
325
407
461
261
131
435
50
424
74
385
329
445
258
413
65
319
301
93
142
140
206
152
312
216
348
286
81
243
178
124
270
336
67
107
233
416
456
208
27