479
490
864
770
730
934
623
861
671
850
558
696
525
871
776
949
877
585
911
613
622
870
721
803
587
902
641
581
605
571
616
709
786
912
913
859
740
658
589
874
792
608
820
906
488
579
569
817
937
477
761
509
501
703
533
830
619
527
500
474
712
953
867
890
633
656
783
528
714
755
782
741
965
857
967
785
731
492
780
907
506
690
682
513
810
704
609
724
723
947
809
767
510
522
507
840
718
933
791
869
548
647
916
551
529
657
629
868
961
523
494
842
813
520
511
653
863
559
639
694
654
727
617
512
811
862
695
625
852
833
763
829
802
484
752
481
531
962
941
620
856
879
573
683
844
951
915
920
926
637
545
806
760
720
897
855
858
663
757
650
717
919
769
493
604
705
905
628
846
496
969
686
818
530
854
532
743
668
618
557
514
860
677
728
660
903
807
651
914
489
843
845
685
929
526
524
552
737
505
848
801
938
483
678
606
697
595
541
691
701
812
847
765
819
948
564
835
539
575
521
822
635
921
883
928
946
485
834
749
825
788
636
744
549
615
931
534
599
508
775
759
960
715
756
584
896
588
580
583
649
758
736
478
853
821
716
734
747
735
590
910
773
904
779
917
930
968
837
886
918
800
648
899
692
950
645
942
600
851
823
598
964
560
789
554
495
603
794
546
841
797
923
816
664
586
699
939
597
577
535
553
828
708
643
594
925
499
555
719
831
768
473
901
739
665
542
592
935
932
567
959
536
888
815
675
476
895
669
927
537
742
601
738
772
638
966
593
679
602
543
563
561
596
838
958
566
885
547
491
710
963
750
661
556
570
713
544
574
670
681
702
900
607
777
898
516
475
873
655
882
764
659
698
519
836
666
795
956
632
754
726
614
762
502
924
881
612
578
753
866
676
732
908
827
591
631
667
688
652
540
839
644
662
771
733
787
945
624
729
568
621
865
952
793
887
894
673
627
689
626
642
480
893
497
954
849
674
826
550
746
515
936
778
518
745
774
640
796
891
572
876
538
751
805
503
610
706
909
707
943
630
646
832
680
944
722
562
892
611
687
880
504
634
725
872
814
808
955
889
693
672
940
804
498
576
700
878
798
487
486
957
748
824
790
565
884
781
784
482
684
766
922
875
711
479