1
121
7
56
333
381
158
481
418
311
180
312
340
138
223
249
410
479
272
86
122
371
292
421
457
273
96
482
70
378
454
260
63
452
149
221
238
394
473
382
89
156
62
103
405
484
253
53
351
228
243
204
366
387
44
343
170
357
283
380
19
355
319
159
308
456
29
88
51
250
108
116
177
470
370
440
463
284
369
214
145
18
441
23
415
450
5
487
297
451
377
201
310
287
447
155
295
76
442
119
184
274
93
57
115
72
102
39
416
41
236
332
109
233
73
43
195
354
222
165
192
237
276
196
429
361
263
465
285
50
320
8
175
358
448
336
110
280
68
391
16
379
95
101
483
153
477
232
464
239
424
259
134
375
443
71
225
10
290
433
430
414
111
114
466
438
461
488
100
99
54
224
148
194
254
38
147
213
296
22
169
246
143
189
339
309
423
24
215
431
150
360
397
15
241
494
353
67
403
123
435
427
188
64
235
208
390
486
462
200
179
171
161
365
186
293
133
112
368
324
346
330
25
2
27
174
210
305
31
216
35
344
9
396
420
474
459
352
467
426
398
187
219
191
132
52
255
40
314
142
475
492
135
436
151
347
316
244
77
107
198
78
458
124
97
299
4
449
154
304
141
98
66
128
270
65
87
497
245
26
118
392
36
55
61
389
17
300
226
30
413
318
144
49
412
190
131
182
14
199
193
130
325
6
374
257
350
11
439
84
395
306
197
460
185
363
146
37
376
136
117
234
231
337
3
181
58
256
127
399
342
291
321
338
307
227
167
393
471
331
80
172
267
125
335
302
367
372
229
269
157
176
383
384
139
411
79
104
359
341
251
206
60
469
83
264
168
289
202
106
281
315
400
266
362
75
275
105
230
468
262
301
298
277
48
265
478
434
373
252
32
490
453
455
329
217
425
408
258
207
268
356
328
42
323
183
90
173
495
162
248
59
409
422
491
327
33
46
303
472
247
480
81
660
738
932
546
765
856
768
739
947
521
910
905
639
866
837
528
580
681
653
732
755
601
748
750
530
920
606
940
798
924
585
991
796
864
628
962
642
669
833
804
614
922
682
958
743
579
536
544
659
586
555
969
928
943
934
525
930
672
979
775
747
679
582
946
534
652
904
633
599
712
759
734
927
588
827
909
573
806
762
785
559
514
519
877
954
867
498
542
903
657
560
957
721
691
848
782
973
564
620
990
981
512
707
725
993
577
916
737
883
646
805
987
770
914
706
568
863
563
766
673
666
783
720
841
812
655
851
758
779
624
638
609
803
717
690
527
677
842
616
547
733
978
576
578
503
654
621
549
854
729
994
532
878
875
587
899
956
619
539
896
858
763
839
831
697
592
597
967
989
938
554
726
823
686
749
889
731
944
795
627
871
562
553
870
538
828
843
983
715
746
846
829
911
647
644
797
819
600
984
861
522
643
769
817
504
874
741
771
884
810
524
704
705
935
752
794
719
651
537
596
735
800
565
784
790
629
594
992
850
605
951
926
581
529
603
892
511
623
684
558
607
820
764
499
774
915
569
888
901
859
821
518
740
799
507
516
912
626
515
865
685
632
761
791
548
584
693
574
898
508
931
625
838
919
662
526
857
716
887
923
966
811
849
942
873
683
710
610
540
808
622
895
985
570
617
590
893
776
789
700
937
971
523
552
960
900
645
635
543
787
809
535
502
953
566
667
708
830
976
714
917
886
696
777
847
760
671
699
968
970
753
832
845
701
692
713
925
658
595
722
698
703
941
836
834
744
709
773
702
881
688
745
724
767
918
952
650
982
965
757
880
533
680
550
959
977
557
961
826
792
676
756
929
781
908
964
975
591
589
656
602
786
936
778
813
818
675
612
780
751
500
897
689
640
807
772
885
862
906
974
879
517
980
615
509
815
802
575
907
583
561
664
921
727
730
825
876
801
853
687
891
618
742
505
613
694
711
894
604
788
872
510
593
988
902
950
649
816
852
948
736
824
668
631
636
728
571
634
855
972
945
963
641
670
869
506
955
637
754
793
860
814
551
882
939
913
567
520
949
835
611
844
541
572
661
545
531
665
986
695
663
556
718
608
933
501
723
598
890
822
674
513
868
840
630
678
648
82
407
113
404
348
476
326
203
401
485
489
211
164
402
12
496
444
129
21
92
120
445
419
74
205
47
126
152
279
322
345
446
437
271
294
493
13
428
261
163
20
137
85
178
349
28
91
286
432
364
212
417
218
388
240
313
282
69
406
242
34
220
317
288
278
386
166
160
385
94
140
45
209
334
1